180 322 180 232
180 232 300 232
300 232 310 241
310 241 310 299
310 299 292 299
292 299 292 326
292 326 275 336
275 336 192 336
180 232 23 232
23 232 23 302
23 302 58 337
58 337 166 337
58 232 58 337
58 232 58 210
265 232 265 13
83 160 265 160
180 232 180 162
300 232 300 195
300 195 265 195
23 232 23 49
23 49 97 49
23 49 50 30
50 30 79 30
83 160 83 82
83 82 265 82
265 89 278 80
265 31 107 31
107 31 107 82
83 160 83 173
23 173 95 173
95 173 95 199
95 199 105 204
105 204 105 232
180 353 180 343
166 337 180 343
166 337 180 322
192 336 180 343
192 336 180 322
179 31 172 40
179 31 186 40
172 40 172 76
186 40 186 76
172 76 179 82
172 76 179 82
