-101
63 34
72 34
41 42
44 58
36 56
33 68
101 44
101 57
91 65
99 70
81 76
92 76
135 37
224 38
39 92
33 89
34 104
42 104
60 144
71 144
66 150
60 153
344 63
342 81
310 87
286 87
279 91
272 98
286 98
325 125
271 120
331 128
330 141
326 158
322 169
323 181
323 193
340 226
269 153
270 139
36 338
40 358
45 373
50 389
52 358
64 358
58 373
79 358
94 358
107 359
121 358
133 356
73 371
89 369
150 353
161 354
152 363
165 362
195 355
208 353
198 366
269 353
254 353
242 353
228 353
237 362
250 363
264 363
278 365
280 374
157 299
171 295
165 309
201 306
18 165
18 187
17 213
14 243
14 270
20 306
82 317
100 325
46 320
134 249
135 270
39 215
45 184
124 148
133 128
110 195
100 167
126 168
161 169
194 166
244 168
133 102
253 106
249 89
211 91
257 127
256 150